# name: debug
# type: sparse matrix
# nnz: 9
# rows: 3
# columns: 3

1 1 30.000000000
2 1 -0.000000000
3 1 -64.360188740
1 2 -0.000000000
2 2 30.000000000
3 2 124.441916661
1 3 -64.360188740
2 3 124.441916661
3 3 654.267483900
