# name: debug
# type: sparse matrix
# nnz: 9
# rows: 3
# columns: 3

1 1 10.000000000
2 1 0.000000000
3 1 -15.334070874
1 2 0.000000000
2 2 10.000000000
3 2 -51.699410578
1 3 -15.334070874
2 3 -51.699410578
3 3 290.796278369
