# name: debug
# type: sparse matrix
# nnz: 9
# rows: 3
# columns: 3

1 1 10.000000000
2 1 -0.000000000
3 1 -29.028793591
1 2 -0.000000000
2 2 10.000000000
3 2 30.269286131
1 3 -29.028793591
2 3 30.269286131
3 3 175.890054020
