# name: debug
# type: sparse matrix
# nnz: 9
# rows: 3
# columns: 3

1 1 10.000000000
2 1 0.000000000
3 1 22.070209573
1 2 0.000000000
2 2 10.000000000
3 2 41.185044575
1 3 22.070209573
2 3 41.185044575
3 3 218.330204721
