# name: debug
# type: sparse matrix
# nnz: 9
# rows: 3
# columns: 3

1 1 10.000000000
2 1 0.000000000
3 1 19.166697677
1 2 0.000000000
2 2 10.000000000
3 2 -46.126270298
1 3 19.166697677
2 3 -46.126270298
3 3 249.499511142
