# name: debug
# type: sparse matrix
# nnz: 9
# rows: 3
# columns: 3

1 1 10.000000000
2 1 -0.000000000
3 1 -9.801777372
1 2 0.000000000
2 2 10.000000000
3 2 38.013017527
1 3 -9.801777372
2 3 38.013017527
3 3 154.106434113
