# name: debug
# type: sparse matrix
# nnz: 9
# rows: 3
# columns: 3

1 1 20.000000000
2 1 -0.000000000
3 1 55.414187232
1 2 0.000000000
2 2 20.000000000
3 2 -70.881630095
1 3 55.414187232
2 3 -70.881630095
3 3 404.746881578
