# name: debug
# type: sparse matrix
# nnz: 9
# rows: 3
# columns: 3

1 1 10.000000000
2 1 0.000000000
3 1 1.299901573
1 2 -0.000000000
2 2 10.000000000
3 2 -23.830028068
1 3 1.299901573
2 3 -23.830028068
3 3 56.955998182
