# name: debug
# type: sparse matrix
# nnz: 9
# rows: 3
# columns: 3

1 1 10.000000000
2 1 -0.000000000
3 1 -100.894101572
1 2 -0.000000000
2 2 10.000000000
3 2 56.065362830
1 3 -100.894101572
2 3 56.065362830
3 3 1332.294464115
