# name: debug
# type: sparse matrix
# nnz: 9
# rows: 3
# columns: 3

1 1 20.000000000
2 1 -0.000000000
3 1 60.120280309
1 2 -0.000000000
2 2 20.000000000
3 2 -74.989329081
1 3 60.120280309
2 3 -74.989329081
3 3 461.892379023
