# name: debug
# type: sparse matrix
# nnz: 9
# rows: 3
# columns: 3

1 1 10.000000000
2 1 -0.000000000
3 1 -62.669050269
1 2 0.000000000
2 2 10.000000000
3 2 7.166583296
1 3 -62.669050269
2 3 7.166583296
3 3 397.876977778
