# name: debug
# type: sparse matrix
# nnz: 9
# rows: 3
# columns: 3

1 1 30.000000000
2 1 0.000000000
3 1 -45.666354685
1 2 0.000000000
2 2 30.000000000
3 2 120.179541550
1 3 -45.666354685
2 3 120.179541550
3 3 550.951271916
