# name: debug
# type: sparse matrix
# nnz: 9
# rows: 3
# columns: 3

1 1 10.000000000
2 1 0.000000000
3 1 -65.836429008
1 2 0.000000000
2 2 10.000000000
3 2 15.571768910
1 3 -65.836429008
2 3 15.571768910
3 3 457.691537155
