# name: debug
# type: sparse matrix
# nnz: 9
# rows: 3
# columns: 3

1 1 30.000000000
2 1 -0.000000000
3 1 -61.544701727
1 2 -0.000000000
2 2 30.000000000
3 2 127.935570447
1 3 -61.544701727
2 3 127.935570447
3 3 671.842016542
